em: 0.1736842105263158
f1: 0.3295912367777474
acc: 0.5434903047091413
precision: 0.28836326716279254
recall: 0.5974469067405351
avg_input_tokens: 1023.5171745152354
