em: 0.17146814404432134
f1: 0.3309291681686963
acc: 0.554016620498615
precision: 0.28623081076421486
recall: 0.6135041551246535
avg_input_tokens: 794.9351800554017
