em: 0.17673130193905817
f1: 0.3308091320772209
acc: 0.5401662049861495
precision: 0.28964533974709694
recall: 0.5975900277008308
avg_input_tokens: 1023.5177285318559
