em: 0.17174515235457063
f1: 0.3314433495268999
acc: 0.5493074792243767
precision: 0.2890975515969308
recall: 0.6079409048938134
avg_input_tokens: 794.416620498615
