em: 0.17475
f1: 0.20813847458076484
acc: 0.391
precision: 0.20178510839221878
recall: 0.26683214285714296
avg_input_tokens: 1025.5185
