em: 0.12714681440443212
f1: 0.2502318324928868
acc: 0.45318559556786703
precision: 0.2151808054005081
recall: 0.5035087719298246
avg_input_tokens: 194.34736842105264
