em: 0.17950138504155125
f1: 0.3361948109619959
acc: 0.5518005540166205
precision: 0.2934111855349651
recall: 0.6096445060018466
avg_input_tokens: 1023.4365650969529
