em: 0.03275
f1: 0.07458807974971754
acc: 0.071
precision: 0.07174759235189493
recall: 0.109525847069597
avg_input_tokens: 203.30425
