em: 0.19125
f1: 0.2264805010633773
acc: 0.39175
precision: 0.21972137775327003
recall: 0.2851654761904763
avg_input_tokens: 1025.4375
