em: 0.05825
f1: 0.12016960089765917
acc: 0.116
precision: 0.11753935216238812
recall: 0.1603065732878232
avg_input_tokens: 1024.3755
