em: 0.06225
f1: 0.1289695108052
acc: 0.1195
precision: 0.126956288187634
recall: 0.17005701590076588
avg_input_tokens: 1024.4085
