em: 0.17562326869806094
f1: 0.3304461107048812
acc: 0.5490304709141274
precision: 0.28660460058442055
recall: 0.604127423822715
avg_input_tokens: 1023.5163434903047
