em: 0.11825
f1: 0.1473205441889576
acc: 0.35125
precision: 0.13911679224928833
recall: 0.20831547619047613
avg_input_tokens: 213.307
