em: 0.00775623268698061
f1: 0.025029596996035186
acc: 0.03573407202216067
precision: 0.020398874006678454
recall: 0.05813481071098799
avg_input_tokens: 193.29750692520776
